1 2
2 3
3 4
4 5
5 6
6 6
7 3
8 3
9 2
10 12
21 13
22 13
15 12
16 17
31 15
63 12
64 21
15 53
12 51
12 13
48 12
85 38
46 28
48 41
37 28
12 43
12 51
89 27
3 2
7 28
9 21
2 20
3 41
57 12
14 22
47 72
3 82
12 90
3 49
5 24
7 83
9 41
20 25
15 21
37 32
32 84
21 24
32 32
84 21
99 99
35 42
47 39
30 90
38 48
63 16
82 1
9 71
36 51
21 21
7 7
10 10
19 19
27 27
40 40
59 59
63 63
78 78
81 81
99 99
100 35
103 49
102 55
101 99
2 101
32 102
100 104
200 231
41 142
37 123
93 103
38 93
100 120
103 178
137 190
231 123
142 83
13 183
47 173
132 192
172 41
193 93
74 12
12 120
32 112
87 128
190 173
83 165
132 190
37 192
100	199